version https://git-lfs.github.com/spec/v1
oid sha256:6c965985b4fdb209219626f3af17b8fb69baa72c9f502c7758ba737e69a769d2
size 222
