version https://git-lfs.github.com/spec/v1
oid sha256:4b95f6c73b8394d3a4dd027921c3187d7630f3d39bc4d425bf0c93d8760678d6
size 122
