version https://git-lfs.github.com/spec/v1
oid sha256:bb28cc88208606c6d6cb16b79e1b4703de18b4a39980888ec7744076261d738e
size 294
