version https://git-lfs.github.com/spec/v1
oid sha256:d68c670a672fa0e787573878114a94f57bd8a3cd8ae7dd843f74200c08bfa074
size 262
