version https://git-lfs.github.com/spec/v1
oid sha256:78a8a8c1372dfed8d58ee119caac227fbaa9a2838189ed41b7907c6babdc09af
size 262
