version https://git-lfs.github.com/spec/v1
oid sha256:9fd72e92bc206522878562ac2b73040d802a81fe09ab9bdd5074c89e1c9ca0de
size 1058
