version https://git-lfs.github.com/spec/v1
oid sha256:06d379c9361dd3f592c1f3e10bb1dba1cf3ddc453a397d79f8ab3229f05d5a1b
size 160
