version https://git-lfs.github.com/spec/v1
oid sha256:3e67a92fe4287dfcf64595f87be6892cab1332f102e6ab841057c81c4e578a2a
size 118
