version https://git-lfs.github.com/spec/v1
oid sha256:4eb136cf6b90684281380c555a05595f7097aca4e8a64856c9df82b4d9fd5634
size 153
