version https://git-lfs.github.com/spec/v1
oid sha256:42881d5e75475f3c7add91fc6e253d8542c7810dc51b5bedd33c2b661134b33c
size 87
