version https://git-lfs.github.com/spec/v1
oid sha256:6c863ef38880e439e843c1c87a7173f2e3c3e2db0754e83ded921efa0e040540
size 191
