version https://git-lfs.github.com/spec/v1
oid sha256:cfa6bbf9b1734723a206671128b6fe39be87b349d72ce7559e8acf3146ab7190
size 196
