version https://git-lfs.github.com/spec/v1
oid sha256:5084fc42e0226c989276cf295e9b30171a188752fad3cda5abb0455c38ee2e23
size 219
