version https://git-lfs.github.com/spec/v1
oid sha256:81d9d68b9bc9ffe1fe507396268394dcf48e1bc8944bea9b1d64694344184ad9
size 87
