version https://git-lfs.github.com/spec/v1
oid sha256:9dd3d3e8763d981620d93efbb9059e449fc04827364228e381df2b61613eb894
size 88
