version https://git-lfs.github.com/spec/v1
oid sha256:241b0dc7be83061e85709187a24e3dc6ab0b059499890aade396700de9804009
size 482
