version https://git-lfs.github.com/spec/v1
oid sha256:a8f0420d955447a714619798c7e5bd590e059e7e8f62ec60cff23ca7dcce833d
size 96
