version https://git-lfs.github.com/spec/v1
oid sha256:6bae80f8a70b2f49cd9fef9f21c91d7d577e97a76cc1eff1dab85de1ee1f7b2c
size 137
