version https://git-lfs.github.com/spec/v1
oid sha256:af30da1939fdc98dd8585073d2752f5ac16bbe885a75fa68a4ae9daabc85187d
size 110
