version https://git-lfs.github.com/spec/v1
oid sha256:fb5d417b2b2ebbaa600b7da2a030e1dbc7ce95f10f474657960f212a75d0c0f2
size 308
