version https://git-lfs.github.com/spec/v1
oid sha256:f067503642eaa664c013fac5dce92f46488e2f6c937dc92b14ccafce06893f05
size 233
