version https://git-lfs.github.com/spec/v1
oid sha256:26617700e8a44f2b3fdba45c5f5538e4742aee0ad9e70b5f3c57cbd8a17f9307
size 272
