version https://git-lfs.github.com/spec/v1
oid sha256:50c5b491e5c5868a16efbb63454e87544048de9b850268e85376e21cf588d9af
size 46
