version https://git-lfs.github.com/spec/v1
oid sha256:81d2835fca45e07af070a0deb46bbf2be8c4a0b7d1dfaf8b5192a3da6ce9b1c4
size 42
