version https://git-lfs.github.com/spec/v1
oid sha256:312064483f95fc2cb1123548a3a4b5b4194a5dfb2c4fc44e40edbc2acc383d35
size 131
