version https://git-lfs.github.com/spec/v1
oid sha256:852e06f188dd7ff8d38ef6805ae48e8ca847f71e8a8d5cfe8e24f0282c921329
size 285
