version https://git-lfs.github.com/spec/v1
oid sha256:e2be0533287391987145d20749ad1cdd0c255fc77dc50d898497bf4d0070af63
size 46
