version https://git-lfs.github.com/spec/v1
oid sha256:36a6c9b1b46944452a50c24f2f6540b392eadb80da3f7d416a68e9c504a467ed
size 116
