version https://git-lfs.github.com/spec/v1
oid sha256:0cdecf4e2c92ae3408a8a72f490bf170931ead5777ba8f5246e77c5e840508de
size 15
