version https://git-lfs.github.com/spec/v1
oid sha256:1a081f200db9548d49e0adaa355177e8b7b662ac96f2811cf311aa5fc34310d8
size 48
