version https://git-lfs.github.com/spec/v1
oid sha256:e3d126232071e5b47480f69a8c57ac5efeb3b0eadb77f5370d8b386d7e97e54d
size 111
