version https://git-lfs.github.com/spec/v1
oid sha256:31e323cf79748359810593aa1dc30fe4abd3ec9aa6c06465b1cb497502f19759
size 323
