version https://git-lfs.github.com/spec/v1
oid sha256:541e47c3d68a1ef62ad615a07dc1a796d9cb609c41e9fd2be639bf75a588d977
size 203
