version https://git-lfs.github.com/spec/v1
oid sha256:6a84c4e80eaac83bcfb451b4d3249739950c186ddf866ddb3613eb8d8a7684ee
size 774
