version https://git-lfs.github.com/spec/v1
oid sha256:f76030536d2ba396218999ad9b32cdf9c9a4e1766b0720352e274ed2e931a1da
size 248
