version https://git-lfs.github.com/spec/v1
oid sha256:c36faadfaa6f2f8415a0f6071b8b2828a51e57d14e04ba3caabb93fc00b0977b
size 47
