version https://git-lfs.github.com/spec/v1
oid sha256:958a94c5e290dfe375c283dc940348d32d0d6bcbb9f1c582fa154f980775c23a
size 1135
