version https://git-lfs.github.com/spec/v1
oid sha256:13280ebced3bf951ca6ff6c1ad466b10652b81044222f6617c20f8c1f8d1e914
size 347
