version https://git-lfs.github.com/spec/v1
oid sha256:ccdf9151b6148021d74e6563d11e596ec30d6ad83e07187db845f9aeed53d3a6
size 284
