version https://git-lfs.github.com/spec/v1
oid sha256:a02713a53be210a6dd80b1d8c057a396543000867846c5d2ae40d00fc5721fe3
size 664
