version https://git-lfs.github.com/spec/v1
oid sha256:05051e230aaf927f7cdfa0fdb32b62963a639bcd9be7e483f9980c2f2c0d45ca
size 217
