version https://git-lfs.github.com/spec/v1
oid sha256:a16e88b1fb1a10a6a48176ab56e6dd16bb77016ed6ba51bea367243cb1e85b7e
size 209
