version https://git-lfs.github.com/spec/v1
oid sha256:c63ae27421e210fe93559106f8aae3ab8f13096d587cbcc14334a54084b4a796
size 144
