version https://git-lfs.github.com/spec/v1
oid sha256:4c9fc94caba107ffd20bdc22cc6a25d9331b34b96391fd1181c41ca19a7ed1ea
size 80
