version https://git-lfs.github.com/spec/v1
oid sha256:10d6938e385aca9b07d8134cec196cc61c14514bdd6b3cb8239d428f6a55f19e
size 16
