version https://git-lfs.github.com/spec/v1
oid sha256:a8ea60b4081d18b447278e83af633638265662f58220ca1a33f2298f2d675dbb
size 112
