version https://git-lfs.github.com/spec/v1
oid sha256:9edfaf7375f53cffde114d5f4b062da86f539c39655fa72c54d5087e8ceb58ad
size 176
