version https://git-lfs.github.com/spec/v1
oid sha256:3cccf808b8e71f2ec3716140bb3c7851b2363a73ea4ac69f2f7aff0bfcaadde9
size 816
