version https://git-lfs.github.com/spec/v1
oid sha256:895bed1f22b76c79bc38b8090b580c429c8290b0d64ee6ba869b6e331f24600d
size 16
