version https://git-lfs.github.com/spec/v1
oid sha256:71040cc48db00bf668c254c3c370238f3bd2d45599fe3028d863a19837c892f2
size 272
