version https://git-lfs.github.com/spec/v1
oid sha256:010f3096c0e50a752f5e9b1f3454aad804e5e7e7a926bb0d13f8f2d4ff9dbdaf
size 79
