version https://git-lfs.github.com/spec/v1
oid sha256:b2656337c4174e238ecfea186b9c92d74d709f4afc5217675b1643de36ad43d1
size 46
