version https://git-lfs.github.com/spec/v1
oid sha256:8f46ee19ef5826fe16d59246aa9caba79529e84fba9e4b508ca6e6bc2e85b82a
size 80
