version https://git-lfs.github.com/spec/v1
oid sha256:9171884407c1b3b2e18df7b508489ce18bde3c27392b64f78ab3157c6168f0e3
size 141
