version https://git-lfs.github.com/spec/v1
oid sha256:e757c6c0d1c5feff2a5b7eb59642b9e5580d3eea985cb90225a5ef549995c011
size 112
