version https://git-lfs.github.com/spec/v1
oid sha256:3936da9c3b4d8c80a97529daa713a52ed692994a4f52d8f1e117f8d461db9bba
size 144
