version https://git-lfs.github.com/spec/v1
oid sha256:6ebc7cf8bf91cbb7128bdbaebf185c1b558b19b562ee6de688b2fcf11cf8b868
size 304
