version https://git-lfs.github.com/spec/v1
oid sha256:1228c4f96d4b1c34dd6b5015ef0c2fe964e8e9be9a2007779b8f1d66e87b260d
size 217
