version https://git-lfs.github.com/spec/v1
oid sha256:e7dec11f828b133745aa3128e15a4d6629709d22c268df06477c675b2d709fb4
size 80
