version https://git-lfs.github.com/spec/v1
oid sha256:814f13ce45389c71421c565edfbcee2896d41fb01f2861e8c1c31dd819389a9f
size 48
