version https://git-lfs.github.com/spec/v1
oid sha256:ed4df27b76aedac0f43d1848c60661e9b5511f1511c99ae45a75ea88ea303581
size 48
