version https://git-lfs.github.com/spec/v1
oid sha256:aeee78740fd0327136b70553ee156c93e33a5c4357846187de85c4577db88b1d
size 239
