version https://git-lfs.github.com/spec/v1
oid sha256:4b9806b6bcc274f4253be18bd7a47abe5cb95d0dbb4b3f71c1de006e952eb514
size 275
