version https://git-lfs.github.com/spec/v1
oid sha256:fe1253fb03e8b6285baa1cc28eff0fc50aeab5b64c25e0c189bee2121f3a9d86
size 147
