version https://git-lfs.github.com/spec/v1
oid sha256:4f5275cb1e3cd090e1c450b6e8671ae22761dcd7584ba29fbb8f729e5b9e5b08
size 115
