version https://git-lfs.github.com/spec/v1
oid sha256:24c58f8b3d56b7dd58a1ebacb00935c8be810c00676bdae9dccb5b295f882cc2
size 80
