version https://git-lfs.github.com/spec/v1
oid sha256:4181431c469a08e71b0ab8fc4e2175dfa2e116f7d4641404071e9be8ac9b8b00
size 112
