version https://git-lfs.github.com/spec/v1
oid sha256:80218ed153fccc64fac8f88ec2b09838b72c1fab697946fb0e99440d8f92427e
size 116
