version https://git-lfs.github.com/spec/v1
oid sha256:f0584d083feb82430bd65df794dc2c1d924122a4bda92f5939774d196f0f9a92
size 112
