version https://git-lfs.github.com/spec/v1
oid sha256:df2a0f452ed916b4d06f43e63da33e212fe84efaaea3582f5a94b5dbc8a33b1f
size 80
