version https://git-lfs.github.com/spec/v1
oid sha256:2ae58fc44bbb879adc2d2d7ffc33614918b6b81b22a8cce7a9c5b6405bf78de4
size 16
